replicas, concurrency, requests_per_second, longest_request, 98_percentile
3, 50, 5137.05, 43, 26
3, 100, 4991.53, 108, 57
3, 500, 4845.48, 1199, 279
3, 1000, 4843.20, 1715, 1298
3, 2000, 3450.62, 2886, 2005
3, 5000, 3075.07, 6449, 4610
3, 10000, 2921.22, 10231, 4970
3, 15000, 549.06, 56956, 38221
6, 50, 5174.06, 75, 37
6, 100, 5049.96, 140, 88
6, 500, 5874.08, 293, 178
6, 1000, 5543.62, 1405, 1167
6, 2000, 5148.60, 1894, 1418
6, 5000, 5402.49, 3578, 3483
6, 10000, 1999.84, 14848, 4098
6, 15000, 687.30, 57187, 39285
9, 50, 7223.57, 70, 39
9, 100, 6947.39, 151, 78
9, 500, 8117.15, 302, 172
9, 1000, 8244.03, 1108, 279
9, 2000, 8570.22, 470, 299
9, 5000, 6843.53, 2816, 1640
9, 10000, 7220.00, 3928, 3474
9, 15000, 722.23, 49107, 41215
12, 50, 8137.77, 46, 23
12, 100, 7251.58, 92, 56
12, 500, 10204.07, 294, 179
12, 1000, 10538.60, 362, 193
12, 2000, 10126.72, 462, 297
12, 5000, 8953.34, 1895, 1414
12, 10000, 8674.73, 2727, 1543
12, 15000, 724.51, 39612, 36529


